image_width: 640
image_height: 480
camera_name: narrow_stereo
camera_matrix:
  rows: 3
  cols: 3
  data: [504.127822, 0, 327.616756, 0, 503.072143, 252.394056, 0, 0, 1]
distortion_model: plumb_bob
distortion_coefficients:
  rows: 1
  cols: 5
  data: [0.133565, -0.212383, -0.003933, 0.004823, 0]
rectification_matrix:
  rows: 3
  cols: 3
  data: [1, 0, 0, 0, 1, 0, 0, 0, 1]
projection_matrix:
  rows: 3
  cols: 4
  data: [513.969482, 0, 330.795439, 0, 0, 515.261169, 250.920467, 0, 0, 0, 1, 0]



  [image]

width
640

height
480

[/camera/image_raw]

camera matrix
558 0.00000 312
0.00000 555 210
0.00000 0.00000 1.00000 

distortion
0.0 0.00000 0.00000 0.00000 0.00000 


rectification
1.00000 0.00000 0.00000 
0.00000 1.00000 0.00000 
0.00000 0.00000 1.00000 

projection
558 0.00000 312 0.00000 
0.00000 555 210 0.00000 
0.00000 0.00000 1.00000 0.00000 